species	Disease_outcome	effect	group	H.0.2	H.0.3	H.0.4	H.0.5	H.3.2	H.3.3	H.3.4	H.3.5	H.4.2	H.4.3	H.4.4	H.4.5	H.5.2	H.5.3	H.5.4	H.5.5	H.6.2	H.6.3	H.6.4	H.6.5
Achromobacter phage 83-24	Healthy	Secondary-phage-effect	inhibitor_associated_phage	0	0	0	0	0.007380074	0	0.014760148	0	0	0.003690037	0	0	0	0	0.007138313	0	0.014760148	0	0.003448276	0
Achromobacter phage JWF	Healthy	Secondary-phage-effect	inhibitor_associated_phage	0.054496352	0.048407688	0.052574355	0.051129349	0	0.001122334	0.005289001	0.0125	0	0	0	0	0	0.002083333	0	0.002083333	0.003205668	0.005611672	0	0.002083333
Achromobacter phage phiAxp-2	Healthy	Secondary-phage-effect	inhibitor_associated_phage	0	0	0.003225806	0	0	0	0	0	0	0	0	0	0.007692308	0	0	0	0	0	0	0
Achromobacter phage phiAxp-3	Healthy	Secondary-phage-effect	inhibitor_associated_phage	0.005633803	0.002816901	0.011267606	0.005633803	0.011267606	0	0.002816901	0.002816901	0	0.002816901	0	0	0	0	0	0	0.005633803	0	0.002816901	0.002816901
Achromobacter xylosoxidans	Healthy	Primary-bacterial-effect	inhibitor_bacteria	2.629660795	3.057598697	2.59458653	2.758384308	3.12692359	2.948197769	4.274221493	3.79511548	2.817190302	3.050815257	3.331799613	2.863542104	3.456458607	3.316419973	2.571402997	2.509392164	3.563763135	3.764437431	3.547062287	3.290987517
Acinetobacter baumannii	Healthy	Primary-bacterial-effect	inhibitor_bacteria	0.484918621	0.557122116	0.539094092	0.567522954	0.689302282	0.647683784	0.86800097	0.80923128	0.620453719	0.719422028	0.687034471	0.700184725	0.816353977	0.663733266	0.513205284	0.589228123	0.799348579	0.74709548	0.762973698	0.8029585
Acinetobacter phage YMC13/03/R2096	Healthy	Secondary-phage-effect	inhibitor_associated_phage	0	0.00872093	0.011627907	0.005813953	0	0	0	0	0	0	0	0	0	0	0	0	0	0	0	0
Aeromonas hydrophila	Healthy	Primary-bacterial-effect	inhibitor_bacteria	0.285065036	0.304209051	0.313204127	0.216293894	0.251141951	0.278913077	0.358706933	0.239507117	0.311530042	0.300205862	0.232006197	0.276183128	0.35328262	0.370756246	0.296424935	0.22658466	0.359600481	0.390925785	0.295873607	0.333593203
Aeromonas phage pAh6-C	Healthy	Secondary-phage-effect	inhibitor_associated_phage	0.002570694	0	0.007712082	0.002570694	0	0	0	0	0	0	0	0	0	0	0	0	0	0	0	0
Arthrobacter phage Brent	Healthy	Secondary-phage-effect	inhibitor_associated_phage	0	0	0.011152416	0	0	0	0	0	0	0	0	0	0	0	0	0	0	0	0	0
Arthrobacter phage Decurro	Healthy	Secondary-phage-effect	inhibitor_associated_phage	0	0.008810573	0	0	0.039095468	0.020815089	0.046299568	0.032779646	0.034612299	0.048127628	0.054583713	0.025399098	0.045215236	0.043274063	0.007462687	0.059684062	0.039320948	0.035272045	0.03699968	0.021685677
Arthrobacter phage vB_ArtM-ArV1	Healthy	Secondary-phage-effect	inhibitor_associated_phage	0.015112613	0.01572106	0.006752137	0.022755065	0.012844182	0.016639205	0.019605533	0.00769923	0.01878555	0.044900466	0.032636002	0.008939974	0.030507018	0.023623237	0.020008933	0.03743571	0.016819507	0.014827586	0.033949536	0.01741826
Arthrobacter sp.	Healthy	Primary-bacterial-effect	inhibitor_bacteria	0.004761905	0.004761905	0	0.004761905	0	0	0	0.014285714	0	0	0.004761905	0	0	0	0	0	0.004761905	0	0	0
Bacillus phage CAM003	Healthy	Secondary-phage-effect	inhibitor_associated_phage	0.003952569	0.007905138	0	0	0	0	0	0	0	0	0	0	0	0	0	0	0	0	0	0
Bacillus phage SIOphi	Healthy	Secondary-phage-effect	inhibitor_associated_phage	0	0.003546099	0.007092199	0	0	0.003546099	0	0	0	0.003546099	0	0	0	0	0	0.003546099	0.003546099	0	0	0
Bacillus subtilis	Healthy	Primary-bacterial-effect	inhibitor_bacteria	0.106377414	0.087965094	0.124941771	0.136713693	0.198995744	0.155775773	0.231355793	0.16131337	0.18205556	0.142556363	0.180351106	0.184465702	0.266225186	0.14006445	0.249799641	0.116030855	0.177425147	0.200553202	0.243962715	0.159422544
Bacillus thuringiensis	Healthy	Primary-bacterial-effect	inhibitor_bacteria	0.209127095	0.123288914	0.195290344	0.128461999	0.24379657	0.223909184	0.264863108	0.345912648	0.240127819	0.330857757	0.400647051	0.257496508	0.305264569	0.304242394	3.221397552	1.647642698	0.547439798	0.947736764	0.810499186	0.561927984
Bdellovibrio bacteriovorus	Healthy	Primary-bacterial-effect	inhibitor_bacteria	0.864320087	0.909308928	0.622877203	0.789814155	1.430522196	1.469225784	2.071543286	1.662532772	1.487557492	1.283394846	1.687978627	1.37350301	1.62576677	1.549373199	1.197574349	1.351332496	1.6805965	1.824176898	1.593467451	1.840547347
Bdellovibrio phage phi1422	Healthy	Secondary-phage-effect	inhibitor_associated_phage	0	0	0	0	0.007462687	0.003731343	0.003731343	0.01119403	0.01119403	0	0	0	0	0.01119403	0.007462687	0.003731343	0	0.003731343	0	0.003731343
Brucella melitensis	Healthy	Primary-bacterial-effect	inhibitor_bacteria	0.040361942	0.060643102	0.042512523	0.033577664	0.049310401	0.047355305	0.059621937	0.056006771	0.033781442	0.060017613	0.05092965	0.021352246	0.024248694	0.034887267	0.023099864	0.044255042	0.058154512	0.04749271	0.040871959	0.054077829
Brucella phage Pr	Healthy	Secondary-phage-effect	inhibitor_associated_phage	0.010791367	0.003597122	0.007194245	0.001798561	0	0	0.005395683	0.003597122	0.003597122	0.003597122	0	0	0	0	0	0	0	0.001798561	0.001798561	0.001798561
Burkholderia cenocepacia	Healthy	Primary-bacterial-effect	inhibitor_bacteria	3.38576316	3.59795679	3.075629605	3.065198826	3.707571733	3.758140579	4.899855211	4.424387516	3.573543062	3.621151839	4.189306051	3.562509717	4.582594465	3.708455447	3.02998188	3.140461673	4.348633902	4.296219529	4.177976158	4.2964411
Burkholderia phage JG068	Healthy	Secondary-phage-effect	inhibitor_associated_phage	0	0	0.002923977	0	0	0	0	0	0.002923977	0	0	0	0	0	0	0	0	0	0	0
Candidatus Puniceispirillum marinum	Healthy	Primary-bacterial-effect	inhibitor_bacteria	0.399919035	0.380501646	0.352470435	0.393493393	0.531328494	0.591086476	0.775843582	0.680696713	0.598102667	0.613051804	0.549560094	0.471842532	0.725956583	0.613842242	0.521888686	0.362126622	0.711959006	0.689528571	0.711907611	0.724009805
Cellulophaga baltica	Healthy	Primary-bacterial-effect	inhibitor_bacteria	0.093419322	0.091690301	0.128390538	0.099986695	0.213447159	0.185004661	0.283029537	0.233596155	0.182452243	0.155998532	0.18915976	0.168029504	0.210323885	0.245937828	0.154562953	0.169016545	0.173899636	0.167061176	0.257362963	0.290689896
Cellulophaga phage phi38:1	Healthy	Secondary-phage-effect	inhibitor_associated_phage	0.007352407	0.010883384	0	0.00929368	0.010531814	0.007000838	0.014001675	0	0.001776199	0.010553235	0.007000838	0.005224639	0.00344844	0.010033445	0.010449277	0.008859574	0.001776199	0.011913602	0.006896879	0
Clavibacter michiganensis	Healthy	Primary-bacterial-effect	facilitator_bacteria	2.399185328	1.204842595	1.054531543	0.802643037	0.576283358	0.532416452	0.597188174	0.844460838	0.387915674	0.37156759	0.77116654	1.083544475	0.633327474	0.42174662	0.451254652	0.334113464	0.518538197	1.79096921	0.705866519	1.100682426
Clavibacter phage CN1A	Healthy	Secondary-phage-effect	facilitator_associated_phage	0.021688625	0.0570105	0.012168132	0.02010571	0	0	0.003521127	0	0	0	0.003514938	0	0	0.008787346	0	0	0	0	0.004484305	0
Cronobacter phage CR9	Healthy	Secondary-phage-effect	facilitator_associated_phage	0.022705474	0.010526316	0.025957634	0.030647343	0.007968631	0.002105263	0	0	0.004237288	0	0	0	0	0	0	0	0.003424658	0	0.006849315	0
Cronobacter phage Dev-CD-23823	Healthy	Secondary-phage-effect	facilitator_associated_phage	0.003508772	0.007017544	0.01754386	0	0	0	0.003508772	0	0	0	0.003508772	0	0.010526316	0.007017544	0	0.007017544	0.010526316	0	0	0.003508772
Cronobacter phage S13	Healthy	Secondary-phage-effect	facilitator_associated_phage	0.017592485	0.026461664	0	0.010964912	0.004385965	0.002192982	0	0	0	0	0	0	0	0.003861004	0	0	0.002192982	0	0	0
Cronobacter phage vB_CsaM_GAP31	Healthy	Secondary-phage-effect	facilitator_associated_phage	0.006006006	0.009950249	0.006006006	0	0.020329764	0.003003003	0.003003003	0	0.003003003	0	0	0.006006006	0	0.003003003	0.011320755	0.006006006	0.003773585	0.003003003	0	0.003003003
Cronobacter phage vB_CsaM_GAP32	Healthy	Secondary-phage-effect	facilitator_associated_phage	0.012706186	0.009722222	0.011769759	0.004166667	0	0.002985075	0	0	0.002985075	0	0	0	0	0.002985075	0.014925373	0	0	0.004373964	0	0.011940299
Cronobacter phage vB_CsaP_Ss1	Healthy	Secondary-phage-effect	facilitator_associated_phage	0.011414392	0.00248139	0.008188586	0.005707196	0.003802281	0	0	0.004618938	0.007604563	0	0.010730688	0	0.012314798	0.016155623	0.026659842	0.007604563	0.01017725	0.0122235	0.012314798	0
Cronobacter sakazakii	Healthy	Primary-bacterial-effect	facilitator_bacteria	0.053588935	0.065601543	0.045188029	0.057137938	0.073957092	0.127675268	0.187670355	0.091630922	0.129391518	0.079766685	0.140063882	0.107953495	0.186216642	0.15623064	0.18888966	0.169993392	0.151089876	0.198664992	0.168901136	0.199272636
Cronobacter turicensis	Healthy	Primary-bacterial-effect	facilitator_bacteria	0.012996737	0.02454698	0.011111111	0.040556396	0.020976764	0.019294102	0.03865287	0.011417033	0.014854473	0.011583012	0.008032129	0.010838409	0	0.023926475	0.00297619	0.013196709	0.019136801	0.008955384	0.02190002	0.012456907
Cyanophage 9515-10a	Healthy	Secondary-phage-effect	inhibitor_associated_phage	0	0	0	0	0.008441602	0.005803079	0.005277045	0.011080124	0.005277045	0	0.011606159	0	0.023212318	0.011606159	0.002638522	0.008441602	0.005803079	0.008441602	0.017409238	0.016883204
Cyanophage KBS-S-2A	Healthy	Secondary-phage-effect	inhibitor_associated_phage	0	0	0	0	0.006980803	0.006980803	0.005235602	0.006980803	0.013089005	0.013961606	0.006108202	0.001745201	0.006108202	0.002617801	0.005235602	0.001745201	0.013961606	0.005235602	0.005235602	0.013961606
Cyanophage NATL2A-133	Healthy	Secondary-phage-effect	inhibitor_associated_phage	0	0	0	0	0	0	0	0	0	0	0.003861004	0	0	0	0	0	0	0	0.003861004	0
Cyanophage P-RSM6	Healthy	Secondary-phage-effect	inhibitor_associated_phage	0.019678991	0.062493697	0.033863877	0.015069096	0.001618123	0	0.003448276	0	0.006815279	0.006896552	0.006896552	0	0.003448276	0	0	0.005066399	0	0	0.001683502	0.003448276
Cyanophage P-TIM40	Healthy	Secondary-phage-effect	inhibitor_associated_phage	0.007490637	0.003745318	0.003745318	0.003745318	0	0	0	0	0	0	0	0	0	0	0	0	0	0	0	0
Cyanophage S-TIM5	Healthy	Secondary-phage-effect	inhibitor_associated_phage	0	0	0	0	0	0.003921569	0	0	0	0	0	0	0	0	0	0	0	0	0	0
Delftia phage IME-DE1	Healthy	Secondary-phage-effect	facilitator_associated_phage	0	0	0	0	0.007281553	0.007281553	0.004854369	0.012135922	0.002427184	0.002427184	0	0	0.002427184	0	0	0	0	0.009708738	0	0
Delftia sp. 670	Healthy	Primary-bacterial-effect	facilitator_bacteria	0.035676766	0.082307014	0.048148632	0.0634979	0.038795226	0.045475815	0.03089301	0.043519889	0.039402044	0.033423246	0.044572232	0.028927231	0.043103191	0.040114475	0.037847963	0.024319976	0.06986156	0.035055999	0.060385794	0.045675945
Edwardsiella phage MSW-3	Healthy	Secondary-phage-effect	inhibitor_associated_phage	0.162980508	0.128217108	0.117626287	0.103965376	0.009422243	0.013554692	0.017849274	0.007716608	0.013231363	0.01217329	0.006536977	0.005191934	0.007812944	0.010223077	0.00934967	0.012461221	0.004898252	0.005735943	0.004134006	0.007099795
Edwardsiella tarda	Healthy	Primary-bacterial-effect	inhibitor_bacteria	0.159606207	0.232021195	0.132690442	0.174315147	0.192266187	0.156109784	0.269194293	0.225191778	0.132970628	0.253925864	0.182244021	0.188975834	0.197235512	0.282326347	0.186600857	0.138258798	0.205975733	0.16590385	0.237083701	0.193082057
Enterobacter cancerogenus	Healthy	Primary-bacterial-effect	inhibitor_bacteria	0.058134014	0.119921786	0.095354754	0.077901984	0.083907356	0.048097315	0.097528927	0.06527034	0.100881749	0.07019718	0.093183147	0.05047389	0.071313304	0.058162771	0.048971458	0.049113786	0.0551232	0.076112682	0.090555126	0.054483602
Enterobacter phage Enc34	Healthy	Secondary-phage-effect	inhibitor_associated_phage	0	0.001179245	0.001179245	0.001964637	0.003537736	0	0.011790136	0.001179245	0.008646254	0.013757089	0.010219354	0.011792453	0.010219354	0.011004745	0.004323127	0.007860863	0.012971698	0.007467009	0.007860863	0.011004745
Erwinia amylovora	Healthy	Primary-bacterial-effect	inhibitor_bacteria	0.023663359	0.014640513	0.0184039	0.034154289	0.034900561	0.029203319	0.041706996	0.060679912	0.020440345	0.034093452	0.095536782	0.046324749	0.047226424	0.030134774	0.022840227	0.018717475	0.045696934	0.03711354	0.053134347	0.043799412
Erwinia phage Ea35-70	Healthy	Secondary-phage-effect	inhibitor_associated_phage	0.009009009	0.012612613	0.010810811	0	0	0	0	0.001801802	0	0	0	0	0	0	0	0	0	0	0	0
Erwinia phage Ea9-2	Healthy	Secondary-phage-effect	inhibitor_associated_phage	0	0.002283105	0.002283105	0.00913242	0	0	0	0	0	0	0	0	0	0	0	0	0	0	0	0
Erwinia phage phiEa21-4	Healthy	Secondary-phage-effect	inhibitor_associated_phage	0.003831418	0	0.003831418	0.003831418	0	0	0.003703704	0	0.003831418	0	0	0	0.003831418	0	0	0	0	0	0	0
Erwinia phage PhiEaH1	Healthy	Secondary-phage-effect	inhibitor_associated_phage	0.00876085	0.014210441	0.014796903	0.008399444	0	0.002724796	0.002949853	0.005899705	0.002949853	0.005899705	0	0.002949853	0.002949853	0.002949853	0	0.006622517	0	0.002949853	0.002949853	0.017699115
Klebsiella phage JD001	Healthy	Secondary-phage-effect	facilitator_associated_phage	0.061120215	0.097574094	0.062606916	0.057508081	0.00273224	0.008543641	0.011046916	0.005958515	0.016071186	0.007186583	0	0.002227171	0.004959412	0.011616843	0.004454343	0.022271715	0	0	0	0.009689858
Klebsiella pneumoniae	Healthy	Primary-bacterial-effect	facilitator_bacteria	0.440841635	0.502885342	0.412530718	0.396534537	0.485869338	0.437917824	0.652829203	0.496774312	0.434103386	0.507962762	0.638850764	0.4815144	0.572156496	0.525228062	0.3563996	0.452989493	0.636293929	0.5516673	0.52418855	0.549099517
Lactococcus lactis	Healthy	Primary-bacterial-effect	inhibitor_bacteria	0.017104797	0.023982538	0.012010661	0.003717472	0.033234223	0.012255934	0.058936021	0.005925926	0.023324734	0.036188053	0.024428683	0.018232295	0.015482163	0.032227965	0.040072078	0.032203461	0.035301873	0.021781465	0.021598233	0.016825256
Lactococcus phage P118	Healthy	Secondary-phage-effect	inhibitor_associated_phage	0	0	0	0	0	0.003663004	0.003663004	0.007326007	0	0.007326007	0.010989011	0.003663004	0.007326007	0	0.007326007	0	0	0	0.010989011	0
Lactococcus phage P162	Healthy	Secondary-phage-effect	inhibitor_associated_phage	0.035947712	0.04248366	0.039215686	0.055555556	0	0	0	0	0	0	0	0	0	0.003267974	0.003267974	0	0	0	0	0
Microbacterium oxydans	Healthy	Primary-bacterial-effect	inhibitor_bacteria	1.212281429	0.563131267	0.445387572	0.357000636	0.413175604	0.356249704	0.436635516	0.566010365	0.259035959	0.318288586	0.494333629	0.67054936	0.404153738	0.316946778	0.330754386	0.274034595	0.333608293	0.993783159	0.43391251	0.574391854
Microbacterium phage vB_MoxS-ISF9	Healthy	Secondary-phage-effect	inhibitor_associated_phage	0.085585586	0.022522523	0.021771772	0.008258258	0.012837838	0.005255255	0.004917417	0.015015015	0	0	0.01951952	0.036036036	0.001501502	0	0	0	0	0.054054054	0.015765766	0.032282282
Microcystis aeruginosa	Healthy	Primary-bacterial-effect	facilitator_bacteria	1.531706879	1.909620223	1.560327777	1.480163495	3.021110128	2.932961269	3.625314043	3.244777288	2.860858261	3.052762303	3.166424695	2.846132217	3.41661487	3.449929396	2.664977264	2.628719323	3.452224161	3.708727778	3.727542642	3.626114659
Microcystis phage MaMV-DC	Healthy	Secondary-phage-effect	facilitator_associated_phage	0	0.004938272	0.002469136	0.011238825	0.004938272	0	0.002469136	0.004938272	0.006300553	0.007662835	0.007407407	0.009876543	0	0.003831418	0	0.002469136	0.009876543	0.007407407	0.007662835	0
Mycobacterium phage Chy4	Healthy	Secondary-phage-effect	inhibitor_associated_phage	0.012012012	0	0.018018018	0.006006006	0.021021021	0.012012012	0.006006006	0.015015015	0.021021021	0.012012012	0.009009009	0.03003003	0.009009009	0	0.003003003	0.009009009	0.018018018	0.024024024	0.006006006	0
Mycobacterium tuberculosis	Healthy	Primary-bacterial-effect	inhibitor_bacteria	7.926269089	9.627154426	7.376465074	7.88333969	7.87866817	7.377372707	10.19150072	9.509273866	8.003322959	8.857576108	9.545910104	7.85560747	10.87282744	9.528892243	9.3143493	8.423640664	9.837757251	10.39731678	8.886091034	9.66433214
Nocardia brasiliensis	Healthy	Primary-bacterial-effect	inhibitor_bacteria	0.557811292	0.594093486	0.549748271	0.56132272	0.628008258	0.644840333	0.843570935	0.861053372	0.697465286	0.812115312	0.839300927	0.605227631	0.964923728	0.756550438	0.771734411	0.799092307	0.812789685	0.844271336	0.844393138	0.831988527
Nocardia phage NBR1	Healthy	Secondary-phage-effect	inhibitor_associated_phage	0	0	0	0	0	0	0	0	0	0.004065041	0	0	0	0	0	0	0	0	0.004065041	0
Prochlorococcus marinus	Healthy	Primary-bacterial-effect	inhibitor_bacteria	0.138359244	0.201515265	0.141161913	0.23403983	0.327592474	0.399268378	0.481293374	0.371943614	0.365316354	0.318472161	0.394030867	0.305356873	0.416632219	0.303516846	0.299120188	0.279363501	0.423443508	0.393227795	0.498380184	0.438975013
Prochlorococcus phage MED4-213	Healthy	Secondary-phage-effect	inhibitor_associated_phage	0.002890173	0.002890173	0.014450867	0.005780347	0	0	0	0	0	0	0	0	0	0	0	0	0	0	0	0
Prochlorococcus phage P-HM2	Healthy	Secondary-phage-effect	inhibitor_associated_phage	0.018612521	0.001692047	0.011844332	0.011844332	0	0	0	0	0	0	0.005076142	0.001692047	0	0.001692047	0	0.011844332	0.005076142	0.001692047	0.003384095	0
Prochlorococcus phage P-SSM2	Healthy	Secondary-phage-effect	inhibitor_associated_phage	0.007162994	0.010457516	0.009777373	0.002614379	0	0	0	0	0	0	0	0	0	0	0	0	0	0	0	0
Prochlorococcus phage P-SSM7	Healthy	Secondary-phage-effect	inhibitor_associated_phage	0	0	0	0	0	0	0	0.005988024	0	0	0	0	0	0	0	0	0	0	0	0
Prochlorococcus phage Syn33	Healthy	Secondary-phage-effect	inhibitor_associated_phage	0.020942408	0.010471204	0.005235602	0.013961606	0	0	0	0	0	0	0	0	0	0	0	0	0	0	0	0
Proteus mirabilis	Healthy	Primary-bacterial-effect	inhibitor_bacteria	0.045522884	0.010928516	0.016545145	0.011825142	0.039529389	0.035936764	0.042498904	0.048214508	0.022117857	0.060754306	0.035861888	0.01507947	0.049662987	0.027590131	0.018001314	0.037148199	0.028379484	0.013536685	0.030937871	0.031349421
Proteus phage pPM_01	Healthy	Secondary-phage-effect	inhibitor_associated_phage	0	0	0	0.003787879	0	0	0	0	0	0	0	0	0	0	0	0	0	0.001893939	0	0
Pseudoalteromonas marina	Healthy	Primary-bacterial-effect	inhibitor_bacteria	0	0.009207053	0.020285916	0.004878049	0	0	0.012600057	0	0	0	0	0	0	0	0	0	0	0.007751938	0	0
Pseudoalteromonas phage H101	Healthy	Secondary-phage-effect	inhibitor_associated_phage	0	0	0	0	0	0.003623188	0	0	0	0	0	0	0	0	0.003623188	0	0.003623188	0	0.010869565	0
Pseudoalteromonas Phage H103	Healthy	Secondary-phage-effect	inhibitor_associated_phage	0.002564103	0	0	0.002604167	0	0.005128205	0	0	0.002604167	0.0078125	0	0.005128205	0	0	0.002564103	0	0	0	0	0.005208333
Pseudoalteromonas phage RIO-1	Healthy	Secondary-phage-effect	inhibitor_associated_phage	0.030769231	0.023687424	0.016228216	0.017249417	0.002564103	0	0.005128205	0.005128205	0.008624709	0.006349206	0.002564103	0	0	0	0	0	0.002564103	0	0.012121212	0
Pseudomonas chlororaphis	Healthy	Primary-bacterial-effect	inhibitor_bacteria	0.504463831	0.575198679	0.445846352	0.434497024	0.599037909	0.618308982	0.916753751	0.758403258	0.603301864	0.694717289	0.697877472	0.555185139	0.880418954	0.761598116	0.508621286	0.499867708	0.678637048	0.76246829	0.726730853	0.830467499
Pseudomonas phage 201phi2-1	Healthy	Secondary-phage-effect	inhibitor_associated_phage	0.012077295	0.009661836	0.004830918	0.009661836	0	0	0	0	0	0	0	0	0	0	0	0	0	0	0	0
Puniceispirillum phage HMO-2011	Healthy	Secondary-phage-effect	inhibitor_associated_phage	0	0.007722008	0	0.002710027	0	0	0.002710027	0	0.003144654	0.005854681	0.003144654	0	0.005854681	0.002710027	0.002710027	0	0.005854681	0.010840108	0.003144654	0.003144654
Ralstonia phage P4282	Healthy	Primary-phage-effect	Pathogen_phage	0.062593145	0.06010929	0.058122206	0.055638351	0.004470939	0.005961252	0.003974168	0.003477397	0.00496771	0.003974168	0.005464481	0.002483855	0.00496771	0.003974168	0.006458023	0.004470939	0.002980626	0.003974168	0.003974168	0.005464481
Ralstonia phage RS138	Healthy	Primary-phage-effect	Pathogen_phage	0	0	0	0	0.003663004	0	0	0	0.003663004	0	0	0.003663004	0.007326007	0	0	0	0.003663004	0.007326007	0	0
Ralstonia phage RSF1	Healthy	Primary-phage-effect	Pathogen_phage	0.046267553	0.021082104	0.040762978	0.027199006	0	0.015120702	0.006527581	0	0.00954645	0.002994012	0	0	0.006761867	0.007874016	0.002994012	0.006527581	0	0	0	0.006289308
Ralstonia phage RSL1	Healthy	Primary-phage-effect	Pathogen_phage	0.14966036	0.092866842	0.120348338	0.121385977	0.130391272	0.14643321	0.186132006	0.108986972	0.102943277	0.106413369	0.075001292	0.090851485	0.077754556	0.06780803	0.089516916	0.084867364	0.066801864	0.062517318	0.043267957	0.054194005
Ralstonia phage RSL2	Healthy	Primary-phage-effect	Pathogen_phage	0.032035947	0.048112797	0.043583029	0.027479316	0.005140082	0.004310345	0.006989988	0.006838166	0.003095975	0.004166667	0.004310345	0	0.013238916	0.007706767	0.003095975	0.008333333	0	0	0.015418597	0.013760772
Ralstonia solanacearum	Healthy	Pathogen	Pathogen	6.973550748	7.781425846	6.731270057	6.875436993	9.159577051	9.214585863	12.88747205	11.40230069	9.340305117	9.793270577	10.8836135	9.017792692	11.29550084	9.99947192	8.267202362	7.909043905	11.51264427	11.28061635	10.86263886	11.2914942
Rhizobium leguminosarum	Healthy	Primary-bacterial-effect	inhibitor_bacteria	6.335198364	7.035411684	5.966727324	5.964804813	8.629508463	8.580975617	11.5402462	10.12518537	8.536255678	8.984571925	9.590794614	8.302641823	10.53161402	9.572096466	7.603853462	8.051879394	10.52944715	10.18118979	10.16163223	10.497347
Rhizobium phage vB_RleS_L338C	Healthy	Secondary-phage-effect	inhibitor_associated_phage	0	0.007220217	0	0	0	0	0	0	0	0	0	0	0	0	0	0	0	0	0	0
Rhodococcus erythropolis	Healthy	Primary-bacterial-effect	inhibitor_bacteria	0.627558446	0.755238903	0.574195172	0.58712752	0.660314262	0.685790272	0.891511739	0.734665863	0.813818016	0.848589223	0.8151774	0.626824142	0.916455186	0.765329432	0.843970553	0.76718478	0.958363442	0.863627274	0.921766848	0.913184064
Rhodococcus phage RER2	Healthy	Secondary-phage-effect	inhibitor_associated_phage	0	0.006349206	0.004878049	0	0	0	0.004878049	0	0	0	0	0	0	0.004878049	0.004878049	0	0	0	0	0
Rhodothermus marinus	Healthy	Primary-bacterial-effect	inhibitor_bacteria	13.10529092	15.29851789	12.46581064	12.86279236	19.14378827	18.62705276	25.37177019	21.81638758	18.33250588	20.4634686	21.7641644	18.32624524	24.09733414	20.43507096	16.34047852	16.4942175	23.23859646	22.61451044	22.27643219	22.68834189
Rhodothermus phage RM378	Healthy	Secondary-phage-effect	inhibitor_associated_phage	0.003289474	0.006578947	0.003289474	0	0	0	0	0	0	0	0	0	0	0	0	0	0	0	0	0
Salmonella enterica	Healthy	Primary-bacterial-effect	inhibitor_bacteria	0.430187545	0.470893164	0.33620373	0.413453966	0.50374412	0.454794556	0.598940202	0.567113796	0.377196697	0.483086148	0.471797513	0.459713941	0.61420453	0.588471301	0.434952186	0.378657529	0.544400716	0.500919126	0.503638215	0.56469591
Salmonella phage 37	Healthy	Secondary-phage-effect	inhibitor_associated_phage	0	0	0	0	0	0	0.004504505	0	0	0	0	0	0	0	0	0	0	0	0	0
Salmonella phage 40	Healthy	Secondary-phage-effect	inhibitor_associated_phage	0	0.007575758	0.003787879	0.003787879	0	0	0	0	0	0	0	0	0	0	0	0	0	0	0	0
Salmonella phage SKML-39	Healthy	Secondary-phage-effect	inhibitor_associated_phage	0	0	0.014124294	0.002824859	0	0	0	0	0	0	0	0	0	0.005649718	0	0.005649718	0	0	0	0
Serratia marcescens	Healthy	Primary-bacterial-effect	facilitator_bacteria	0.302154195	0.392457839	0.324436465	0.31118949	0.440814011	0.355671772	0.53895113	0.53039934	0.432796719	0.409819185	0.475232346	0.443958134	0.571860529	0.402452937	0.330017584	0.304750316	0.490993712	0.530722634	0.472572	0.528691237
Serratia phage PS2	Healthy	Secondary-phage-effect	facilitator_associated_phage	0.022130987	0.013333333	0.02435321	0.008888889	0.002222222	0.007376996	0	0.002932551	0.002222222	0	0	0.004444444	0	0	0	0	0	0	0.013333333	0.002222222
Streptomyces griseus	Healthy	Primary-bacterial-effect	inhibitor_bacteria	1.21650292	1.393415867	1.142165011	1.302739661	1.119769783	1.059875132	1.424627247	1.364130182	1.158693363	1.108474467	1.473633261	1.010561786	1.542990476	1.365627912	1.363738179	1.191101035	1.328345893	1.345476515	1.324908125	1.176867429
Streptomyces phage Izzy	Healthy	Secondary-phage-effect	inhibitor_associated_phage	0	0	0	0	0	0	0	0	0	0	0	0	0	0	0	0	0	0.003571429	0	0
Sulfitobacter phage pCB2047-A	Healthy	Secondary-phage-effect	inhibitor_associated_phage	0	0	0	0	0.003401361	0.009779951	0.004889976	0.004889976	0	0.010736324	0.007334963	0.004889976	0.002444988	0	0.002444988	0.003401361	0.01605043	0	0	0
Sulfitobacter phage pCB2047-C	Healthy	Secondary-phage-effect	inhibitor_associated_phage	0.010917874	0.006993007	0	0.011515827	0.021274281	0.011437451	0.013986014	0.003496503	0.005718726	0.019052059	0.01048951	0.011437451	0.003496503	0.006666667	0.003496503	0	0.028593629	0.007940948	0.004444444	0.002222222
Sulfitobacter sp. CB2047	Healthy	Primary-bacterial-effect	inhibitor_bacteria	0.020644666	0.025982446	0.027898667	0.009036145	0.019185018	0.019986326	0.023966666	0.007490637	0.018356662	0.016411495	0.015066073	0.038822804	0.029579618	0.010443614	0.013710639	0.017568695	0.018336262	0.009036145	0.029327802	0.017183977
Synechococcus phage ACG-2014c	Healthy	Secondary-phage-effect	inhibitor_associated_phage	0.011925043	0.005110733	0.01362862	0.010221465	0.007722008	0	0	0	0.003861004	0	0	0	0	0	0	0	0	0	0	0
Synechococcus phage ACG-2014i	Healthy	Secondary-phage-effect	inhibitor_associated_phage	0.005739069	0.008797173	0.014536242	0.013781965	0.003058104	0	0	0	0	0	0.002680965	0	0	0	0	0	0	0.00536193	0	0
Synechococcus phage ACG-2014j	Healthy	Secondary-phage-effect	inhibitor_associated_phage	0	0	0	0	0	0.01025641	0	0	0	0	0	0	0	0	0	0	0	0	0	0
Synechococcus phage S-CAM8	Healthy	Secondary-phage-effect	inhibitor_associated_phage	0.006688269	0.011257893	0.012540609	0.03188394	0.002118644	0.002118644	0.023823816	0.002118644	0.004385965	0	0.007902958	0.009139249	0.049933533	0.024569624	0.003448276	0.01059322	0.020273089	0.011466176	0.009015196	0.016986181
Synechococcus phage S-CBP42	Healthy	Secondary-phage-effect	inhibitor_associated_phage	0.007490637	0.003745318	0.011235955	0.003745318	0.003745318	0.003745318	0.003745318	0	0	0	0	0	0	0	0	0	0	0	0	0
Synechococcus phage S-PM2	Healthy	Secondary-phage-effect	inhibitor_associated_phage	0.004385965	0.007220217	0.025826337	0.019381977	0.01716943	0	0	0.010830325	0.007220217	0.007220217	0	0.007220217	0	0.003610108	0.010830325	0	0.007220217	0.003610108	0.003610108	0.010389769
Synechococcus phage S-RIM2	Healthy	Secondary-phage-effect	inhibitor_associated_phage	0.009404389	0.003134796	0.009404389	0	0	0.003891051	0	0	0	0	0	0	0	0	0	0	0	0	0.003891051	0
Synechococcus phage S-RIP2	Healthy	Secondary-phage-effect	inhibitor_associated_phage	0	0	0	0	0	0	0.006779661	0	0.006779661	0	0	0.010169492	0.010169492	0.003389831	0	0.010169492	0.010169492	0.003389831	0.003389831	0.006779661
Synechococcus phage S-RSM4	Healthy	Secondary-phage-effect	inhibitor_associated_phage	0.013756614	0.038665039	0.00968661	0.015954416	0.005291005	0.004232804	0.011640212	0.005291005	0.005291005	0.006349206	0.014814815	0.017989418	0.012698413	0.006349206	0.007407407	0.004232804	0.004232804	0.012698413	0.006349206	0.016931217
Synechococcus phage S-ShM2	Healthy	Secondary-phage-effect	inhibitor_associated_phage	0.031609742	0.040584982	0.023585021	0.030306609	0	0	0	0	0	0.004140787	0	0	0	0	0.003289474	0	0	0.004140787	0	0
Synechococcus phage S-SSM7	Healthy	Secondary-phage-effect	inhibitor_associated_phage	0.003508772	0	0	0	0	0	0	0	0.010395922	0	0	0	0.003378378	0	0	0	0	0	0.014035088	0
Synechococcus phage Syn19	Healthy	Secondary-phage-effect	inhibitor_associated_phage	0.027434064	0.009779951	0.014939526	0.018472208	0	0.009779951	0	0	0.002444988	0	0	0	0	0.004889976	0.002444988	0	0	0.002444988	0	0
Synechococcus sp. WH 7803	Healthy	Primary-bacterial-effect	inhibitor_bacteria	0.017938009	0.02927065	0.023890372	0.028349333	0.070452081	0.058931032	0.070616609	0.060435598	0.076018894	0.071908456	0.062069607	0.073990219	0.076847336	0.068295516	0.059981607	0.082931477	0.08530569	0.087253545	0.082595965	0.079187388
Synechococcus sp. WH 8102	Healthy	Primary-bacterial-effect	inhibitor_bacteria	0.003731343	0	0.013480723	0.022293578	0.003355705	0	0.021057891	0.034369462	0.027867999	0.011107643	0.015430188	0.018714955	0.023646536	0.011627907	0.014925373	0.013336097	0.031806779	0.017298788	0.027867999	0.038314935
Synechococcus sp. WH 8109	Healthy	Primary-bacterial-effect	inhibitor_bacteria	0.005420054	0.008130081	0.005420054	0.008130081	0.012611342	0.013216803	0.010334959	0.022478942	0.008048874	0.002808989	0.018113054	0.012710176	0.03229992	0.009901187	0.021350577	0.008812091	0.024076849	0.020081183	0.018859987	0.013547499
Vibrio alginolyticus	Healthy	Primary-bacterial-effect	inhibitor_bacteria	0.037569452	0.051793807	0.040748629	0.068815808	0.055443521	0.065483273	0.077621995	0.076825516	0.066410639	0.043228956	0.070698961	0.051304246	0.047717213	0.068780037	0.054357055	0.058061181	0.089406474	0.057428334	0.057537243	0.098268107
Vibrio cholerae	Healthy	Primary-bacterial-effect	inhibitor_bacteria	0.291046044	0.344832081	0.264277537	0.24133687	0.374079716	0.421074353	0.473191308	0.605213338	0.413983894	0.542685763	0.52298291	0.396368656	0.424332588	0.438214604	0.398830397	0.452356555	0.512585419	0.49732599	0.534111942	0.471139604
Vibrio natriegens	Healthy	Primary-bacterial-effect	facilitator_bacteria	0.004618938	0.005504357	0	0.011070111	0.041304772	0.02946593	0.031563381	0.056522696	0.037251281	0.026395671	0.031462671	0.021277089	0.021022273	0.069348653	0.028340059	0.020767458	0.021235306	0.033631623	0.051648224	0.036457397
Vibrio parahaemolyticus	Healthy	Primary-bacterial-effect	inhibitor_bacteria	0.176421258	0.146876131	0.174228978	0.223904361	0.230042982	0.189912291	0.265709983	0.249287081	0.245584766	1.097906683	0.333814632	0.417431079	0.413462536	0.39960801	0.355357724	0.33804432	0.248391789	0.319699758	0.245766265	0.287171715
Vibrio phage helene 12B3	Healthy	Secondary-phage-effect	inhibitor_associated_phage	0.010495572	0.024288675	0.006896552	0.027322404	0	0.006016323	0	0	0.005545604	0	0.003246753	0	0	0	0.018587361	0.003717472	0.003717472	0	0.017168739	0
Vibrio phage ICP1	Healthy	Secondary-phage-effect	inhibitor_associated_phage	0.002906977	0.011627907	0.005813953	0	0	0	0	0.002906977	0	0	0	0	0	0	0	0	0	0	0	0
Vibrio phage ICP2	Healthy	Secondary-phage-effect	inhibitor_associated_phage	0.02830772	0.005329341	0.003992016	0.005988024	0.004507889	0.010518407	0.006503897	0.010019162	0.006010518	0.006010518	0.006262588	0.015782505	0.009767092	0.012772352	0.007513148	0.009015778	0.009267847	0.009267847	0.015777611	0.013523666
Vibrio phage ICP2_2013_A_Haiti	Healthy	Secondary-phage-effect	inhibitor_associated_phage	0	0	0	0	0.002493766	0.001246883	0.001246883	0.001246883	0.003740648	0.001246883	0.006234414	0.001246883	0.004987531	0.006234414	0.004987531	0.001246883	0.003740648	0	0.004987531	0.004987531
Vibrio phage nt-1	Healthy	Secondary-phage-effect	facilitator_associated_phage	0.013927577	0.008356546	0	0.005571031	0	0	0	0	0	0	0	0	0	0	0	0	0	0	0	0
Vibrio phage phi-A318	Healthy	Secondary-phage-effect	inhibitor_associated_phage	0	0	0	0	0	0.007092199	0	0	0.003546099	0.003546099	0.003546099	0	0	0	0	0	0.003546099	0	0.007092199	0
Vibrio phage qdvp001	Healthy	Secondary-phage-effect	inhibitor_associated_phage	0.019977802	0.017758047	0.018867925	0.004439512	0	0	0	0	0	0	0	0	0	0	0	0	0.001109878	0	0	0
Vibrio phage SSP002	Healthy	Secondary-phage-effect	facilitator_associated_phage	0.007490637	0.022587596	0.007606322	0.007606322	0.003861004	0.003861004	0.003861004	0	0	0	0	0	0	0	0	0	0	0	0.003861004	0
Vibrio phage vB_VchM-138	Healthy	Secondary-phage-effect	inhibitor_associated_phage	0.020075463	0.012215866	0.002197802	0.007820262	0.002197802	0	0	0.002197802	0	0	0	0.002197802	0.002197802	0.003424658	0	0	0.002197802	0	0.002197802	0.004395604
Vibrio phage vB_VpaS_MAR10	Healthy	Secondary-phage-effect	inhibitor_associated_phage	0.002777778	0	0	0	0.002777778	0.005555556	0.005555556	0.011111111	0.002331002	0.00510878	0.002777778	0.002331002	0.014879565	0.007439782	0.007439782	0.002777778	0.010664336	0.016666667	0.008333333	0.007439782
Vibrio phage VPp1	Healthy	Secondary-phage-effect	inhibitor_associated_phage	0	0.006968641	0	0.003484321	0	0	0	0	0	0	0	0	0	0	0	0	0	0	0	0
Vibrio splendidus	Healthy	Primary-bacterial-effect	inhibitor_bacteria	0.057443219	0.041307148	0.053888397	0.049684433	0.121186012	0.227125057	0.200303956	0.188029725	0.170170721	0.150101452	0.135215214	0.126254163	0.140938454	0.161252725	0.14950393	0.116269783	0.276862415	0.212576205	0.218361818	0.213824357
Vibrio vulnificus	Healthy	Primary-bacterial-effect	facilitator_bacteria	0.150710741	0.168437876	0.133069643	0.134663006	0.225760203	0.209569803	0.30744947	0.22791539	0.213658738	0.161061276	0.174955697	0.150942285	0.288976733	0.158455375	0.207975576	0.183194695	0.210927858	0.260948911	0.212365323	0.218169681
Xylella fastidiosa	Healthy	Primary-bacterial-effect	facilitator_bacteria	0.779640058	0.892685676	0.764235884	0.758808128	0.711771894	0.648101747	0.901517377	0.897206507	0.725071652	0.697663562	0.820853241	0.647000839	0.997216478	0.685848905	0.700330946	0.600221677	0.794691005	0.872402073	0.800824381	0.867936594
Xylella phage Salvo	Healthy	Secondary-phage-effect	facilitator_associated_phage	0.005687372	0.015120063	0.009341059	0.022696799	0	0	0	0	0	0	0	0	0.009375	0.00625	0.0125	0	0.003125	0	0	0.003125
Xylella phage Sano	Healthy	Secondary-phage-effect	facilitator_associated_phage	0.002076843	0.001038422	0.008815296	0.003115265	0.014854324	0.009118541	0.013626197	0.003773585	0	0.016665711	0.00754717	0.004812007	0.031369793	0.007396773	0.01593164	0.009624013	0.003623188	0.007509391	0	0.001038422
Yersinia enterocolitica	Healthy	Primary-bacterial-effect	inhibitor_bacteria	0.198679507	0.188127474	0.125926337	0.149535409	0.086276976	0.114454517	0.132291853	0.200795213	0.158104374	0.12935657	0.187090902	0.102537344	0.174211612	0.164515648	0.121148761	0.109059008	0.182558	0.161569358	0.176896389	0.154833352
Yersinia phage vB_YenP_AP5	Healthy	Secondary-phage-effect	inhibitor_associated_phage	0.002610966	0.00435161	0.002610966	0.002610966	0.002610966	0	0	0.001740644	0	0	0.001740644	0.000870322	0	0.002610966	0.001740644	0.001740644	0.001740644	0.000870322	0	0.000870322
