ID	H-0-2	H-0-3	H-0-4	H-0-5	H-3-2	H-3-3	H-3-4	H-3-5	H-4-2	H-4-3	H-4-4	H-4-5	H-5-2	H-5-3	H-5-4	H-5-5	H-6-2	H-6-3	H-6-4	H-6-5	D-0-1	D-0-2	D-0-3	D-0-5	D-3-1	D-3-2	D-3-3	D-3-5	D-4-1	D-4-2	D-4-3	D-4-5	D-5-1	D-5-2	D-5-3	D-5-5	D-6-1	D-6-2	D-6-3	D-6-5
vOTU1	33.71	39.75	0	0	18.63	21.29	32.44	0	0	0	16.97	0	503.81	353.4	1524.46	930.24	4675.36	3689.88	4316.93	4072.18	14.11	15.26	99.27	67.7	13.87	0	34.74	33.18	19.46	0	36.04	22.35	1128.44	998.38	857.07	847.15	27435.07	36975.74	36752.88	39991.86
vOTU10	17534.12	16676.55	11372.18	8887.15	30768.58	17974.87	12233.9	24934.25	3891.25	8102.46	17114.88	11172.53	10446.11	4104.17	2110.96	2158.91	3079.31	41496.06	8028.19	9894.62	59167.57	46165.48	24819.2	24101.94	22738.66	13351.99	23608.63	14360.15	13393.76	11368.14	14556.55	4994.43	35670.42	35840.28	58298.35	32903.8	18434.43	12058.26	14444.99	14341.79
vOTU11	47493.88	14177.1	17627.82	9250.47	10552.48	7139.03	1690.44	14449.94	403.45	1624.98	12672.26	28596.19	933.48	290.79	950.59	206.28	1284.83	38540.01	8501.51	22851.11	38067.42	35859.79	7242.18	19741.46	31755.2	1397.43	22734.49	9799.12	17322.55	1939.91	4554.7	465.8	16902.77	13918.8	35556.64	8446.73	58231.42	15469.05	17343.5	1903.68
vOTU12	195.38	124.06	182.89	199.81	32877.69	37371.06	40114.74	34820.54	37337.72	34158.22	35402.16	29986.93	35514.74	33936.45	22692.12	21073.87	37327.87	25808.85	33639.46	33171.69	198.19	244.91	212.45	407.5	33748.3	35640.27	30552.55	33800.86	33133.41	36397.56	41196.31	42923.02	33091.52	32235.16	24355.78	33247.33	27080.1	33691.38	36105.59	36449.58
vOTU13	66804.93	74269.48	74158.52	62826.33	466.33	248.68	865.89	657.6	5847.49	11422.78	4585.27	4953.11	756.46	465.47	749.94	759.46	152.34	278.01	251.23	132.69	82986.17	92325.57	118874.32	117629.7	647.92	465.27	666.49	913.45	681.71	583.25	541.17	894.73	202.74	287.18	441.13	678.4	192.31	580.23	1263.65	557.8
vOTU14	52347.79	12946.55	17066.45	7274.29	9463.85	6160.25	2111.43	15283.01	67.87	1151.58	13987.71	34629.29	1754.34	239.15	565.4	0	704.44	34950.09	12128.04	26817.67	39994.6	38474.83	6477.24	21379.6	30361.3	861.95	27273.47	8346.34	15010.78	1966.52	3562.42	179.57	16740.84	14385.64	37220.47	7651.68	57500.93	14856.48	18674.81	806.03
vOTU15	17052.14	16319.12	11845.58	8707.63	33352.08	19472.98	11999.83	25179.78	5387.29	9557.49	17902.26	11814.96	12001.25	5487.73	4199.68	3076.14	4549.8	42262.2	8714.66	11152.16	58026.62	42576.05	24513.23	25788.45	23274.54	13248.07	27695.22	15359.87	14916.04	13243.93	17259.52	6634.95	34835.06	38277.22	62757.03	32524.19	18924.48	15023.83	14530.56	14763.21
vOTU16	939.53	1393.84	1721.13	1087.95	33326.66	43770.18	46813.65	37878.62	42944.68	43112.76	37389.44	35966.64	42174.33	36124.86	27045.46	25573.4	41135.62	28190.44	35791.91	34627.15	1674.85	1234.73	2356.37	1232.65	34384	35589.03	30923.41	35267.59	50388.42	50609.6	51625.29	55696.7	28940.9	31527.78	21077.86	29432.98	27052.35	34366.19	41327.59	40134.39
vOTU17	9018.28	13334.88	11431.7	11381.2	29710.18	35987.21	37657.36	32982.47	32141.29	33512.03	31677.05	28372.16	37068.69	36157.76	25063.2	24450.36	45952.87	27934.14	43648.68	38727.62	11315.54	12294.77	16651.42	13876.58	31681.56	37566.47	29109	32331.57	34958.29	32061.97	39128.56	42318.53	30836.11	33003.2	23356.29	36309.72	29004.6	36674.07	36000.79	36778.46
vOTU18	68225.19	80713.38	71153.14	74564.07	255.84	918.84	477.17	386.55	5797.79	13038.66	5956.29	6764.51	461.13	401.29	613.33	698.75	465.66	863.78	393.81	249.59	87860.75	93129.44	130212.84	117675.73	870.54	1051.91	919.82	976.26	610.63	1028.53	1519.86	306.8	919.36	438.9	232.48	830.78	508.7	1005.25	844.08	1020.09
vOTU19	38219.47	52600.6	55063.29	48944.67	5313.37	5581.25	5482.96	5071.49	6257.07	5241.52	5059.28	5091.23	6367.11	7075.24	6570.48	5273.79	3479.2	2223.08	3958.42	3287.82	23030.3	26777.67	34125.9	31230.51	3842.62	3712.89	3654.99	4596.59	3791.67	4074.85	4162.35	5147.37	2756.07	2700.54	1981.06	2710.86	2368.24	4113.92	3193.69	3816.14
vOTU2	5470.6	5874.02	6498.89	5762.89	30321.65	35013.96	34944.71	33060.18	38758.14	36597.44	31142.38	26023.82	33203.74	38222.53	40314.71	41411.24	33069.49	22274.91	32431.92	30139.32	8341.61	8473.49	14577.28	11057.75	21900.29	29067.13	25696.08	27771.84	29966.61	35712.17	30612.84	33232.14	25548.04	26402.4	18651.53	26435.78	15981.89	22751.59	20218.08	25659.02
vOTU20	6.68	0	9.03	0	11588.42	12900.66	12767.07	11199.69	13444.42	13608.26	12507.28	11140.22	15475.5	15559.02	19532.56	22275.02	15559.38	11074.81	13618.51	12776.53	0	36.28	0	0	15329.74	16248.94	15159.47	17923.34	21818.03	23013.23	25006.52	22864.03	25917	27887.17	18983.5	26270.62	20020.22	26651.73	24030.49	26592.25
vOTU21	0	86.32	0	0	21812.51	19029.7	16801.41	14552.14	17745.48	16771.07	17574.54	11543.79	7713.43	8886.59	14558.28	16247.39	10787.96	8581.91	12863.34	10898.87	0	33.14	43.12	18.38	54188.95	59936.25	61673.69	68028.4	64462.99	76491.31	69309.9	73714.69	24487.33	23831.01	17216.87	27504.15	17492.27	21903.45	19234.2	22186.33
vOTU22	33.75	56.86	13.04	25.64	29806.24	34362.18	32548.64	30315.66	33473.76	34466.99	30762.61	25872.35	36353.24	38747.44	45260.42	49138.96	34361.46	23871.12	33456	31013.84	45.42	58.93	68.16	108.95	24983.28	29194.89	27872.02	31601.4	30939.78	34166.72	31083.19	32184.67	29601.36	31411.33	22762.21	30699.84	22324.03	33025.88	30327.23	32062.38
vOTU23	31352.79	33292.8	37157.24	39910.13	135.09	23.75	117.58	100.75	235.49	321.88	255.45	188.37	252.86	114.1	185.28	364.23	10.18	26.55	27.99	0	15290	16489.83	21135.31	21622.75	61.88	119.63	9.69	74.02	75.96	184.13	60.3	0	29.04	0	61.02	0	80.35	61.25	124.8	72.51
vOTU24	13739.39	13828.69	9699.13	7832.96	25789.86	16578.74	12984.56	20133.2	5810.58	8763.78	14651.64	11172.41	10940.27	5825.95	3774.71	3446.28	4897.96	33839.76	7886.44	10155.76	48576.99	37850.92	19867.36	20306.84	19848.4	12408.45	20771.12	14245.75	12559.37	12827.69	14571.29	6395.47	29064.86	29524.53	45849.07	30383.3	17851.1	11741.64	13695.12	13643.6
vOTU25	32230.21	46918.05	44878.71	99014.38	50.6	28.91	36.7	59.47	57.34	54.05	23.04	48.28	45.61	84.19	106.15	161.25	74.39	91.58	37.87	43.2	51.09	62.15	53.91	15.32	43.94	0	78.62	67.59	35.23	61.53	40.78	50.57	47.15	23.37	45.39	61.35	84.78	49.71	38.96	92.48
vOTU26	7.43	43.84	0	19.77	40222.23	45272.88	44453.18	40036.09	34299.95	37364.03	34677.58	29491.5	33836.84	36012.4	40168.22	41031.5	36121.14	23313.27	32573.05	32187.31	18.67	20.19	52.55	0	23697.42	24785.02	25572.75	29247.43	30965.54	33362.95	30824.96	31583.68	26386.91	22962.44	18600.44	27175.97	17286.12	24575.83	22542.39	24926.2
vOTU27	18791.05	26692.75	14018.09	16655.51	8955.76	9497.2	19393.81	16859.84	15180.77	6198.54	13111.04	10731.3	9362.26	9225.24	2104.02	3272.17	14324.38	7230.67	4824.89	8501.04	14160.48	13257.87	19006.62	11387.46	13491.97	16248.8	8481.28	9887.7	15112.11	10454.37	11917.37	12543.67	14617.79	11383.25	12374.7	13223.87	7811.4	6545.14	12509.1	13926.21
vOTU28	13709.34	13527.95	9088.27	6480.96	22457.92	13513.27	8459.68	19572.7	1785.43	4781.73	12589.66	7867.71	7790.37	2954.55	1683.55	1188.74	1284.53	33506.01	5090.89	7001.96	49173.86	36836.98	19957.22	18912.35	17691.55	8968.47	18036.83	10371.64	10010.64	6860.96	11507.23	2048.5	28509.57	27641.95	45863.34	27368.48	14746.43	10053.76	9958.24	9835.14
vOTU29	480.63	566.77	1099.77	589.85	19438.14	20460.84	24337.21	23238.8	27791.71	23381.68	22609.93	19597.5	22933.16	24543.43	21866.2	16021.58	27944.85	18878.68	22904.58	23973.2	580.43	803.32	849.28	891.07	20858.08	24495.58	20518.95	23858.78	25291.46	26011.62	25558.33	27427.33	24336.07	23959.69	16591.6	18900.15	17448.61	24635.57	20562.41	25793.71
vOTU3	6621.57	6739.55	7727.64	7531.57	35326.93	37553.93	42632.82	34999.82	46037.12	40230.38	37105.14	30874.33	52910.41	49807.98	38452.88	35747.47	53243.45	34727.67	60028.9	49903.22	11051.67	12787.34	15882.43	12894.69	33070.43	38698.51	31293.69	39596.47	36975.38	39866.54	35375.24	41862.11	48628.51	43278.65	33834.79	49395	27251.82	36998.66	37957.93	37627.89
vOTU30	16.84	19.86	5.69	50.38	34.91	15.96	6.08	24.62	0	0	12.71	6.66	6.29	0	0	29.67	13.69	8.92	0	11.92	18250.76	18741.74	22809.36	29712.13	20.79	72.35	19.53	43.52	36.46	14.56	13.51	8.37	19.52	0	17.08	31.74	0	0	25.8	6.96
vOTU31	7245.24	12231.18	11240.13	12776.08	126.49	0	165.14	445.93	214.99	0	115.16	0	113.99	315.64	0	268.7	123.97	80.8	56.79	53.99	6824.8	8544.5	13206.84	11315.98	0	145.62	58.95	0	0	263.67	0	303.37	117.84	116.84	61.89	0	97.81	62.13	0	0
vOTU32	1694.47	2756.98	4263.24	2794.67	16791.09	18903.18	16596.33	14422.63	28054.72	22646.19	18947.04	17512.45	21640.18	22015.27	23207.38	22557.24	18687.66	16496.91	25394.37	19890.38	3825.34	3670.12	7504.39	6041.92	13371.83	17118.9	13727.85	18782.91	16567.35	23321.96	17511.14	16466.58	22205.32	17679.28	15595.97	27299.17	13038.65	18730.33	18337.62	18439.37
vOTU33	50203.53	15657.96	19114.45	10565.25	11465.42	8907.62	3764.5	16647.05	2489.75	2936.99	13824.88	31475.94	3208.2	2303.54	3107.13	2103.5	3288.43	38041.98	11937.27	24747.23	38982.07	39263.17	9499.31	21354.22	32305.53	3047.82	23944.64	11837.03	17953.91	3846.86	6244.37	2738.01	18382.07	14642.89	36929.03	9911.2	57914.22	17343.89	18620.36	3572.99
vOTU34	20955.23	17322.84	17852.36	15624.53	0	0	102.2	103.49	66.52	188.12	374.15	56.01	0	234.4	246.3	311.78	57.54	0	0	0	1178.13	721.05	1813.9	3999.07	43.7	0	0	156.82	0	61.19	227.1	0	0	0	28.73	320.27	0	0	108.47	117.04
vOTU35	63479.42	87659.52	95213.2	95098.88	620.9	709.53	666.52	638.44	1008.39	552.65	527.6	454.14	746.07	908.97	1866.81	1912.47	811.36	449.48	557.51	424.01	32607.29	37586.89	47606.65	48666.5	400.53	262.09	289.37	552.83	561.9	366.71	260.2	546.01	212.1	248.54	222.79	395.18	192.04	487.93	172.07	474.5
vOTU36	23310.87	29923.36	33915.19	37056.59	3141.07	2504.51	2637.24	2278.8	2105.69	2265.42	1875.84	1435.7	1574.65	2127.13	2351.63	2724.74	3513.98	2703.09	3600.32	3526.19	11166.45	11966.27	14548.12	15869.36	2300.39	2395.23	3059.61	3012.54	2931.86	3494.88	2793.46	3015.75	2201.8	2668.26	1783.99	2001.91	2296.05	3383.1	3125.6	3553.84
vOTU37	10016.59	12668.82	12676.71	11157.79	20701.38	20928.69	22316.98	21577.68	21689.02	22918.87	20977.25	19975.11	32499	29744.44	28354.37	28914.95	32610.03	21645.79	34820.68	28342.39	11095.12	14183.14	17397.48	13521.73	16868.5	22934.31	19978.72	23145.11	21739.64	23768.41	21619.52	24626.02	24019.57	24688.98	18280.78	24666.48	22384.57	28854.28	28554.51	26500.47
vOTU38	26.9	158.6	72.74	125.17	579.99	892.19	1029.04	668.46	151.65	524.18	182.78	383.07	140.72	400.79	538.11	379.09	655.87	356.22	620.93	571.26	472.99	785.39	2186.48	810.4	31563.86	28454.3	28548.35	33089.61	1886.74	5277.75	1100.21	1524.75	290.95	185.45	338.36	365.08	413.97	569.72	803.68	600.36
vOTU39	30.73	0	0	20.43	2025.7	3144.68	2672.42	3368.59	8372.69	6205.18	6959.48	4959.04	6521.47	12106.25	9086.26	9485.71	2934.26	1643.83	2928.54	1555.17	86.83	114.75	108.59	104.14	22151.98	45203.56	20176.03	23685.3	2022.1	2190.98	2685.92	2429.15	6255.08	4095.45	3559.43	3672.03	1911.16	3216.28	2436.24	4368.59
vOTU4	15929.59	17528.08	11154.44	6717.63	26602.98	14729.96	10450.16	21351.73	2900.38	6412.01	14537.71	8925.13	7936.59	3224.17	1246.46	1488.84	1762.06	39552.04	6731.08	7647.66	52705.68	40919.75	22596.36	22307.32	19143.49	11541.83	19996.5	10744.41	11200.57	8861.31	11670	2667.58	32165.58	33497.19	55793.99	31751.98	16352.83	12572.14	14047.16	12788.04
vOTU40	2565.85	4291.05	4478.61	4031.63	54317.11	55703.85	60678.5	54487.4	62159.22	59421.08	57271.53	54477.38	77260.87	76845.44	93000.01	102233.85	72798.78	54068.71	71351.56	66048.74	3486.28	4561.47	4533.94	4005.63	49183.57	61818.98	55533.55	55665	52193.13	60564.35	54997.97	58454.69	56226.3	57393.2	42439.74	56843.53	36077.33	48415.33	46031.73	56842.47
vOTU41	2022.54	3469.16	2983.33	4051	39861.89	43609.99	44022.99	37474.55	48227.1	35550.21	47595.59	36491.49	57084.93	60051.79	65567.34	69545.74	55035.51	34282.83	50539.71	48195.53	3958.8	5207.9	7379.84	6330.72	29962.04	38718.36	32039	36267.67	37483.94	38277.35	37580.4	33852.53	35229.13	35252.2	27774.66	40560.83	26241.69	38086.47	31873.8	37302.32
vOTU42	12789.83	16472.28	16137.86	14927.88	1466.31	1619.75	1403.88	2067.74	1273.78	991.91	1112.49	233.15	572.62	390.29	974	986.36	574.83	437.08	614.42	584.12	17803.11	21530.84	25932.73	26635.03	509.33	506.42	865.61	1305.56	816.6	611.31	425.41	761.95	182.14	451.49	382.64	488.84	566.91	1008.25	857.89	341.04
vOTU43	5679.99	7528.14	6564.14	9810.78	38205.73	37034.23	37388.43	35304.91	38181.02	39044.53	35223.65	31456.22	45133.91	40505.9	43110.88	39681.22	43165.12	29958.31	36510.45	33300.52	7011.89	10119.84	12352.87	9397.06	31553.92	36521.73	34035.71	36024.64	40987.19	38142.02	42242.71	44221.86	38969.35	37374.35	27262.52	36494.51	32095.08	44410.53	39942.79	42617.97
vOTU44	0	0	0	0	32876.44	39938.24	30118.9	27540.01	25058.11	22513.89	20493.87	23311.81	30606.89	35771.95	50375.83	53217.12	12046.56	10216.09	15912.5	11335.16	0	0	0	0	4703.09	6762.7	4233.15	4614.99	13453.41	17801.81	13366.83	14562.13	9105.86	8846.22	8646.91	11624.66	13474.19	17117.06	25217.82	18255.36
vOTU45	0	0	120.61	59.3	18715.21	17328.98	21504.59	20145.7	16512.02	19594.67	12459.33	13126.45	12066.27	16391.65	15284.08	15242.3	18777.04	13560.8	15476.17	14839.08	0	0	0	0	14480.8	18650.1	14893.37	15148.63	19310.58	18349.69	20817.42	23950.64	14816.92	12777.95	13102.38	19235.8	14814.65	19619.22	24669.09	20203.69
vOTU46	205.74	424.58	765.02	478.69	15782.06	17742.24	19602.27	14511.06	11406.01	15398.94	8543.45	10987.17	12992.68	10984.42	7157.82	12141.48	11370.62	7683.17	10340.92	11505.73	775.21	838.2	545.33	697.32	11366	13945.79	12006.99	14659.55	15054.28	12892.51	16582.41	17595.42	10570.34	11583.89	6928.95	11401.96	9960.62	13575.34	11899.83	14796.09
vOTU47	1139.87	1792.24	2348.57	1443.33	25657.41	21398.16	24917.57	20550.27	17443.11	21058.35	13277.97	17950.42	14441.37	15365.96	22849.79	18932.5	13234.65	7648.02	8730.22	10374.49	2726.93	4791.31	5754.83	5559.98	11056.42	13473.31	11160.53	10660.83	9118.45	12385.67	13407.52	15977.51	11154.88	11808.69	5858.51	12114.34	7866.18	8931.68	7318.51	11576.14
vOTU48	601.4	650.98	782.83	1372.41	5910.31	5341.89	5921.7	4487.41	35112.04	54000.72	33166.71	29762.39	5715.44	5728.48	6589.18	6562.1	5734.11	5929.05	5754.75	5216.73	845.52	902.04	1094.42	1216.91	4698.38	5415.89	4801.33	5050.29	6902.14	7517.81	6485.96	7810.47	3897.37	4235.61	2993.84	4236.76	5312.62	7348.52	6147.51	6707.55
vOTU49	342.27	379.88	517.24	107.07	0	0	0	0	7756.58	7418.77	8999.06	31443.74	90.28	66.66	0	0	0	0	0	0	303.45	601.52	1209.62	1395.12	49.71	115.33	62.25	29.73	0	69.61	64.59	280.31	155.55	92.54	65.36	60.72	25.82	32.8	61.7	0
vOTU5	49371.95	14245.77	17403.78	8875.71	9697.98	6754.61	2317.53	15098.92	725.49	1476.2	13101.88	28471.52	1639.59	623.51	1736.18	580.54	1010.15	36144.9	9661.45	21429.18	37476.33	37260.8	7054.54	17892.59	30925.41	1528.17	21376.11	9635.94	15491.53	2433.37	4243.81	674.17	16447.71	12124.74	35408.96	7773.99	55813.21	16015.26	17578.71	1548.88
vOTU50	327.24	441.02	316.05	621.53	465.21	0	134.97	136.67	7818.88	9689.31	8400.21	33064.55	139.75	77.39	81.32	164.7	0	49.52	139.24	0	851.35	888.78	578.24	1971.74	57.71	0	72.27	207.1	80.96	646.49	449.89	464.88	72.23	0	113.81	352.48	59.95	76.16	214.88	0
vOTU51	0	0	0	0	11415.07	12222.7	10248.42	9268.52	15174.73	10848.4	9492.52	8832.27	20250.48	23595.34	30449.23	28162.54	16032.44	10621.26	17432.6	15652.01	0	0	0	0	7292.29	9209.33	9802.26	7922.85	10793.3	13771.14	9822.3	11425.1	8373.76	11955.91	8268	10297.12	12927.23	15804.18	23664.19	17560.5
vOTU52	0	0	0	0	607.12	520.33	66.05	1003.29	1891.77	810.58	1520.05	2099.64	4445.49	4620.74	3422.58	2418.15	27147.67	19292.95	21464.98	21831.39	0	0	0	0	677.84	611.57	990.33	878.42	4199.94	5774.13	4256.71	4186.23	2615.97	2103.07	1968.02	3312.06	3638.28	6038.31	6800.33	5370.94
vOTU53	14597.23	7512.15	12255.79	12341.4	120.75	137.98	262.75	53.21	478.87	515.89	164.9	115.2	163.23	60.26	0	192.38	0	0	54.21	103.07	228.6	0	385.94	109.67	134.82	0	225.1	0	0	0	116.77	362	112.49	111.54	177.25	274.47	186.74	355.84	278.87	361.09
vOTU54	30056.58	17601.53	18129.38	18386.19	253.91	362.69	184.16	111.89	167.82	406.8	192.64	60.56	362.3	506.88	221.92	427	165.9	162.18	76	162.56	688.98	606.37	789	1018.51	110.24	267.95	78.89	75.36	66.28	66.16	204.62	152.24	118.27	58.64	41.41	115.43	0	103.92	39.09	42.18
vOTU55	27361.59	19311.28	17448.96	18496.7	90.31	335.4	0	298.48	537.22	265.27	267.22	129.24	183.12	495.79	355.19	335.72	110.64	115.37	202.73	154.18	589.85	979.77	745.68	1148.31	168.05	259.92	105.22	160.82	117.88	47.06	21.83	189.52	210.34	41.71	22.09	164.22	0	88.71	125.14	112.53
vOTU56	18774.33	19148.74	19294.79	17814.93	188.34	35.87	81.96	193.66	320.1	234.69	485.83	449.19	113.15	438.64	164.61	100.02	61.53	160.4	56.37	214.36	1212.27	1387.87	1705.56	3962.73	233.64	325.23	263.32	503.07	32.78	0	60.71	75.28	87.73	115.98	30.72	114.16	0	123.34	0	0
vOTU57	17770.4	18936.12	16775.74	16882.04	160.76	244.95	139.93	519.53	485.75	572.37	243.94	102.25	96.59	53.49	112.41	0	525.19	547.66	96.23	274.46	953.63	1316.31	1027.66	3163.55	159.55	185.08	449.54	238.56	55.96	55.85	51.82	128.52	249.62	445.51	235.98	487.23	41.44	0	99.01	213.66
vOTU58	7689.56	12622.78	13173.75	12314.67	362.32	0	126.14	510.93	328.43	154.8	263.89	0	587.74	0	456	615.72	142.04	92.57	0	247.43	9328.54	8247.21	18142.64	11780.63	0	0	0	0	151.33	151.05	0	173.79	0	0	283.65	131.77	0	0	133.88	144.46
vOTU59	14762.52	15339.64	16084.3	20309.89	0	0	0	125.1	0	303.21	129.23	0	63.96	0	0	0	0	0	0	0	1558.53	1162.18	1663.44	4125.23	52.82	0	198.45	0	0	0	0	0	0	0	0	64.53	0	139.43	131.12	0
vOTU6	23419.22	30429.58	27218.78	31280.71	359.65	890.46	626.07	950.93	475.43	960.35	1418.89	1544.02	1998.71	1376.1	1445.95	636.65	881.2	612.6	1184.09	307	20221.85	21398.71	27460.58	29180.26	1115.4	1035.1	1005.69	747.18	625.91	812.17	869.52	862.56	390.91	996.66	1026.51	163.5	1205.09	1000.97	1273.58	2031.48
vOTU60	1173.82	821.88	793.58	682.78	29263.67	30798.71	31825.02	26488.69	27022.75	32491.2	25922.58	22172.13	27359.27	25201.55	22205.56	19062.53	32615.52	19896.78	30864.95	31991.12	1497.31	2490.73	2203.82	2983.83	25676.12	32918.83	23477.36	31147.47	27253.5	26695.82	30594.74	31006.44	21821.76	21917.63	17205.97	26607.18	17876.59	26175.9	23998.46	29715.68
vOTU61	259.85	510.7	409.9	633.37	18028.99	17072.86	18505.46	18991.92	20753.8	23016.07	20534.12	15692.55	24080.25	22010.59	16498.36	15029.3	28792.17	16195.77	23734.44	22808.97	435.14	529.31	459.16	260.95	17856.93	18440.19	18612.63	19506.03	21900.9	17518.27	22019.97	23600.85	15792.65	17781.89	12863.12	18351.61	16106.95	23283.89	19707.25	21264.74
vOTU62	0	0	0	0	4163.33	2775.25	6416.95	3287.13	5503.6	3057.21	4343.21	5047.65	3361.15	1731.51	2456.19	1566.11	4845.38	3711.96	9034.22	6885.69	0	0	0	0	16720.98	34249.66	13339.77	16372.18	13675.95	10757.81	6794.29	11753.22	3797.89	6409.65	5601.97	6072.4	5700.8	8349.67	8172.81	12536.41
vOTU63	6845.82	9517.44	9597.41	9916.08	28265.94	29500.62	36149.11	32496.55	29454.48	28467.49	28291.39	26624.38	32420.45	40799.41	44499.95	44175.99	34203.33	25307.25	28331.51	26985.03	9276.87	10519.95	13433.77	13405.89	24864.33	32747.04	30970.08	37032.48	27081.54	28962.28	26930.72	26729.47	25331.39	27214.13	16871.19	27547.38	17328.1	22776.02	21419.33	24780.01
vOTU64	1439.94	2624.23	1651.98	2320.54	28296.85	37876.68	37227.11	33677.9	28864.48	28755.2	32417.17	27410.2	30001.26	29039.08	19583.03	21676.3	30711.61	17982.09	26252.83	28046.73	1808.51	2370.25	3932.28	3220.73	28226.38	29826.84	26847.86	29189.78	32419.02	37563.69	43252.34	41135.71	24002.51	25336.46	15828.38	21582.68	17347.65	27298.35	31822.93	35059.32
vOTU65	633.42	483.32	654.94	1139.38	18354.02	23516.03	22429.59	18627.33	26468.32	18283.81	18960.65	18453.53	20550.45	18073.32	12768.5	11158.31	20229	13815.67	17923	17671.95	350.98	404.8	1119.28	336.76	19503.08	20916.3	19239.17	20963.85	23746.73	21770.53	26236.09	27122.84	15199.32	14499.53	11097.07	14047.04	14908.94	19546.75	19809.62	22792
vOTU66	393.87	1021.82	852.09	314.2	15612.74	20901.83	19331.73	16236.04	21613.44	15838.69	13441.21	14022.46	13010.49	14931.8	17402.59	14223.61	21575.68	10515.04	23051.93	19851.63	1954	2888.34	2157.53	1839.24	13371.39	16168.98	13639.37	16111.36	19917.98	20221.59	20278.98	23187.41	17710.04	18525.29	13456.46	19422.23	11718.9	14245.51	16172.9	15106.89
vOTU67	43.42	0	0	0	0	82.28	62.67	0	0	0	0	68.7	162.23	0	151.04	0	0	0	193.97	0	0	0	0	0	107.19	41.45	234.91	128.22	0	75.05	174.09	604.43	8620.25	6851	15731.15	10409.71	222.71	282.93	99.78	107.66
vOTU68	110.55	0	24.91	48.99	1558.44	1082.5	2154.35	1615.93	6994.11	6005.52	5202.49	5014.29	1790.01	2196.08	1698.62	1979.82	808.61	1014.97	439.01	678.2	659.49	550.45	1172.02	693.84	1978.8	2005.2	2876.79	2448.7	1276.33	2324.99	2364.13	1978.76	1878.93	1919.44	1136.32	2083.78	26818.49	9875.54	7875.84	10051.73
vOTU69	39.58	70	0	0	2166.09	2100.22	2256.68	2892.56	1227.17	1437.24	478.08	1189.81	591.54	687.93	929.38	488.02	1865.58	1991.52	5481.24	1961.08	24.85	53.74	209.8	119.23	732.85	415.61	948.33	964.31	1130.91	1539.3	1428.25	1298.75	856.12	1303.61	963.5	1342.81	28575.13	11057.84	7791.79	10861.16
vOTU7	18217.48	24708.58	29530.72	26206.31	171.67	672.61	170.77	302.61	250.1	78.59	245.61	210.58	88.41	220.32	308.67	286.53	120.18	62.66	396.38	104.68	15721.01	18715.32	21608.62	24256.74	109.53	338.81	91.44	349.38	281.7	153.37	308.33	382.32	45.7	45.31	60	289.88	75.86	361.36	385.15	415.59
vOTU70	452.33	444.5	152.9	250.58	3063.37	3714.94	2720.72	3746.81	3258.52	4273.61	4667.3	2326.1	7831.38	13291.63	11933.65	15604.35	13969.84	11620.51	12855	11633.88	47.34	307.13	199.82	681.37	3024.68	4174.4	4253.94	3729.49	7441.99	8275.31	5622.71	8696.42	10483.86	13340.14	9605.07	11254.82	17983.06	24871.51	21137.62	23306.69
vOTU71	9424.12	13496.71	15442.54	12950.54	807.77	1753.84	1792.84	1601.85	3249.22	2156.96	2059.19	2273.38	2875.46	3910.46	2711.06	3260.23	1781.26	1393.1	2103.4	1827.26	9190.73	10946.15	12048.46	14196.06	1713.55	1580.89	2296.44	2625.15	2572.6	1262.87	1484.24	1452.98	1429.85	1529.64	1146.19	1358.73	780.76	1904.34	1044.7	2053.22
vOTU72	11950.68	15977.39	14881.79	23326.09	1385.65	1239.21	1363.36	1646.03	1228.74	1544.37	2139.15	574.76	1954.56	3668.2	1453.3	4351.22	3306.5	2693.73	2812.96	3548.47	11542.32	11690.92	14377.67	15867.98	4035.83	4438.85	4717.06	5310.48	6919.92	8602.51	5185.34	9825.29	5107.57	6232.91	4922.79	4929.92	4425.56	7752.51	7235.07	7326.44
vOTU73	2085.02	2841.2	2944.5	4065.75	4149.76	3512.64	3946.31	4673.35	4353.7	5991.89	3778.08	3005.89	5124.85	4602.31	4513.53	3264.85	3765.76	2748.82	1932.06	3279.93	10038.37	8683.23	13836.58	9771.32	1830.38	3096.42	2077.27	3010.6	2246.82	6407.62	2972.68	3501.8	3364.9	1774.66	2744.85	3773.05	2376.88	3321.43	2413.68	2298.03
vOTU74	7746.34	11108.32	13124.83	10489.72	0	0	276.11	139.8	0	508.25	144.41	0	71.47	0	665.43	168.47	155.45	101.31	142.42	67.7	7416.93	8246.87	16729.8	10372.2	118.06	0	0	141.23	0	0	0	0	0	0	155.22	0	0	155.81	0	79.05
vOTU75	6991.95	7715.11	11209.71	12151.21	0	0	144.19	219.01	187.71	176.95	150.83	158.05	0	0	0	351.91	0	0	0	0	6460.76	7935.24	13060.98	8275.42	0	0	0	0	0	0	0	0	154.34	0	81.06	0	128.1	81.37	0	82.57
vOTU76	8683.57	9108.18	13038.96	10572.85	0	0	0	0	0	80.96	0	0	0	0	159	0	0	96.84	68.06	0	12814.8	15888.69	18695.6	18243.89	0	87.26	0	134.98	39.58	79	0	0	0	0	37.09	68.92	0	0	0	0
vOTU77	7375.39	9654.31	10198.35	10821.29	277.11	90.48	34.46	209.34	89.71	84.57	216.25	264.37	71.35	158.06	332.16	84.09	38.8	0	106.64	67.59	15363.72	14164.84	24293.66	17977.26	0	91.15	110.7	105.74	0	123.78	382.84	0	36.88	146.27	271.18	71.99	61.22	77.77	146.28	0
vOTU78	12533.2	17633.41	17558.29	16794.05	2240.78	2038.55	1846.19	2166.66	1996.67	1359.34	1733.08	1338.7	843.04	1205.18	958.32	670.09	948.8	437.73	761.83	965.67	19625.01	21633.77	30629.65	27187.95	744.87	475.86	588.06	803.86	726.93	884.31	852.07	678.29	658.7	743.55	580.13	751.65	874.75	598.36	773.74	661.4
vOTU79	11492.5	18069.81	19683.07	17860.18	5675.93	5518.01	5235.18	5450.49	7583.15	5429.08	7404.27	3717.76	8474.34	8455.87	5508.75	4228.98	6725.13	3841.94	6693.89	5568.25	14819.03	18797.71	17509.65	21543.54	5233.63	5266.47	4106.12	5279.98	7076.75	5209.45	5407.12	6095.27	5761.44	9781.78	4642.46	8934.92	7140.14	6823.71	8451.98	9288.83
vOTU8	2221.35	2465.41	3710.26	2432.17	30720.07	29037.36	33434.58	30322.34	35299.36	32580.64	29744.4	28015.53	37010.82	44075	50630.91	49949.79	41524.01	26682.27	39502.87	38063.09	4349.01	4746.75	4617.88	6249.41	21575.24	27194.97	27472.82	28992.45	23534.98	26484.37	23945.02	26508.1	25843.69	26425.21	19060.56	25024.94	18559.25	28952.23	25926.32	27759.28
vOTU9	27190.42	34980.64	34419.08	34483.4	35182.97	35875.03	43566.02	33067.48	41317.63	39039.51	37193.19	31228.13	43131.56	43790.69	49180.65	51559.65	34258.12	23674.02	29954.08	27868.6	19760.88	24328.93	32991.98	28875.28	17430.11	21940.91	17764.66	22346.67	16479.98	20962.73	19560.67	20463.11	18047.62	20710.27	13325.73	16344.25	10970.15	14887.48	13342.75	15021.98
